1 0.345548 0.091109 0.033071 0.061993
2 0.238427 0.246808 0.029481 0.037288
2 0.314148 0.148298 0.032542 0.037524
0 0.624847 0.120267 0.028794 0.061159
0 0.550713 0.544990 0.024587 0.055652
1 0.580226 0.063725 0.023282 0.048246
2 0.477517 0.653089 0.028491 0.032813
1 0.242950 0.335144 0.023217 0.050087
2 0.518176 0.598948 0.028694 0.036130
0 0.461287 0.216907 0.019484 0.042698
1 0.358048 0.491100 0.021387 0.048067
2 0.741037 0.192727 0.027213 0.036438
1 0.397953 0.545203 0.022403 0.048076
1 0.348147 0.016935 0.029763 0.033869