1 0.587381 0.076412 0.028241 0.045489
1 0.454856 0.074478 0.026070 0.052100
2 0.589936 0.500047 0.030647 0.044765
0 0.387166 0.338812 0.021747 0.049077
2 0.655241 0.144258 0.027908 0.044882
1 0.388441 0.140818 0.027218 0.048460
2 0.363686 0.380938 0.028697 0.036914
0 0.411645 0.107245 0.024559 0.046767
2 0.455033 0.501746 0.026428 0.039556
1 0.677310 0.192760 0.021860 0.048897
0 0.321293 0.291203 0.019337 0.049722
1 0.652429 0.428240 0.018500 0.048378
2 0.366555 0.201044 0.029327 0.039045
1 0.412300 0.461113 0.029403 0.061345