0 0.389507 0.393207 0.019925 0.050506
2 0.490178 0.471114 0.026020 0.033040
2 0.539132 0.536470 0.031589 0.035806
2 0.489502 0.383600 0.027880 0.034623
1 0.477416 0.516117 0.019962 0.046202
1 0.503430 0.178898 0.020873 0.049239
1 0.749769 0.247733 0.035909 0.061379
1 0.508946 0.492079 0.022713 0.050578
2 0.538832 0.209895 0.026897 0.034526
2 0.512460 0.240930 0.021856 0.034266
0 0.364911 0.126899 0.023819 0.040366
1 0.493427 0.559980 0.022385 0.049173
2 0.358534 0.470461 0.030775 0.035185
1 0.526099 0.666004 0.021613 0.052532
1 0.579573 0.056235 0.021116 0.056200
1 0.452488 0.332282 0.020953 0.047604