1 0.539934 0.093600 0.027086 0.057143
0 0.620712 0.437338 0.020778 0.051433
1 0.588575 0.163385 0.023901 0.049892
1 0.563857 0.126693 0.026216 0.053751
1 0.332436 0.216227 0.024488 0.043448
1 0.660705 0.257867 0.028000 0.050745
2 0.384339 0.436483 0.026223 0.038752
1 0.612379 0.192582 0.025946 0.053785
2 0.311413 0.339921 0.028993 0.039683
1 0.637247 0.226121 0.024538 0.053993
0 0.619317 0.375482 0.023508 0.044104
2 0.434073 0.502256 0.027634 0.039770
0 0.409805 0.470211 0.026646 0.041053
2 0.614932 0.105419 0.028592 0.043493
1 0.643675 0.346642 0.029884 0.044081
2 0.409813 0.470981 0.026154 0.040337
0 0.595876 0.407038 0.021023 0.048072
2 0.360628 0.405599 0.026361 0.038848
1 0.522278 0.503834 0.022252 0.055053
0 0.383486 0.224206 0.018629 0.042771