0 0.489905 0.315734 0.021181 0.057021
1 0.477576 0.810274 0.021515 0.046884
1 0.509265 0.787872 0.020651 0.046848
2 0.538636 0.830650 0.033203 0.034182
2 0.538694 0.504088 0.025828 0.035892
2 0.490465 0.766266 0.025295 0.036473
1 0.502555 0.473429 0.020096 0.045246
2 0.511592 0.535025 0.023032 0.034655
2 0.489999 0.677546 0.026616 0.035445
0 0.389038 0.688627 0.020141 0.054784
0 0.365117 0.419346 0.020731 0.044798
1 0.452852 0.626087 0.019893 0.047163
1 0.750130 0.540661 0.031848 0.061136
1 0.545967 0.770691 0.030612 0.064379