0 0.582168 0.169751 0.024680 0.051979
1 0.682756 0.315917 0.029552 0.067294
1 0.558360 0.494579 0.028674 0.051266
1 0.582467 0.455722 0.028993 0.058104
1 0.531716 0.525365 0.026603 0.050795
1 0.586550 0.445075 0.026406 0.060142
2 0.483109 0.177706 0.026583 0.035108
1 0.547713 0.509947 0.014233 0.047822
2 0.460006 0.211489 0.027744 0.034857
1 0.605969 0.417189 0.029406 0.069001
0 0.506721 0.139163 0.026882 0.047783
1 0.771024 0.233290 0.014963 0.046581
0 0.557145 0.139768 0.027584 0.051785
1 0.658181 0.351028 0.028605 0.068173