1 0.575191 0.094089 0.027150 0.053637
1 0.625849 0.161541 0.024115 0.047387
1 0.600087 0.126139 0.024690 0.054752
0 0.656547 0.374638 0.023010 0.044807
1 0.673830 0.223507 0.024389 0.050434
1 0.697650 0.257073 0.026482 0.051446
0 0.657602 0.437196 0.019305 0.049383
1 0.680391 0.347223 0.028847 0.040896
0 0.631925 0.406936 0.020086 0.047491
2 0.446689 0.471212 0.027769 0.039293
1 0.369316 0.217152 0.024074 0.041856
1 0.649824 0.190722 0.025886 0.049236
2 0.421546 0.436865 0.027508 0.038386
1 0.551225 0.064896 0.027486 0.045055
0 0.397090 0.404367 0.026522 0.040989
0 0.470808 0.502068 0.027581 0.039648
2 0.347857 0.338277 0.028679 0.041121
2 0.371408 0.153424 0.024876 0.040586
2 0.397279 0.404905 0.025986 0.040061