1 0.575478 0.385370 0.027629 0.052469
1 0.600909 0.417752 0.025015 0.054329
1 0.625896 0.452965 0.024323 0.048583
1 0.674964 0.517072 0.023980 0.051682
0 0.656832 0.731790 0.019513 0.049756
1 0.649079 0.484287 0.023900 0.052470
1 0.699525 0.547293 0.024879 0.054403
0 0.656227 0.670208 0.023598 0.046262
2 0.372277 0.665868 0.024870 0.035907
0 0.630992 0.701088 0.023459 0.048843
2 0.422039 0.731544 0.026103 0.035541
2 0.447650 0.764953 0.026555 0.036644
2 0.349742 0.633588 0.027413 0.039381
1 0.551550 0.357774 0.027034 0.045746
2 0.398922 0.699423 0.026110 0.039377
0 0.470009 0.795457 0.024106 0.038848
2 0.721035 0.618212 0.030092 0.048187
2 0.786012 0.619164 0.029740 0.044945
2 0.639802 0.566316 0.028387 0.043776