2 0.588347 0.823049 0.031389 0.042353
1 0.677330 0.516202 0.019836 0.050040
2 0.656111 0.467633 0.027108 0.043684
2 0.453198 0.824622 0.026994 0.035617
0 0.387498 0.660850 0.021844 0.051467
2 0.363774 0.702446 0.026596 0.040880
1 0.454613 0.392617 0.026938 0.055029
1 0.653011 0.749872 0.019787 0.051490
1 0.587360 0.398696 0.028416 0.046858
0 0.411469 0.430893 0.024924 0.046186
1 0.386880 0.461358 0.029084 0.051129
2 0.365915 0.524707 0.025590 0.039109
1 0.630403 0.788521 0.032499 0.049995
2 0.681460 0.388389 0.032505 0.048489