2 0.528411 0.822631 0.031940 0.040908
1 0.327432 0.459382 0.028337 0.052875
0 0.325690 0.659268 0.021798 0.050797
2 0.304381 0.523702 0.024347 0.039335
2 0.594888 0.466182 0.026111 0.044972
2 0.302287 0.702173 0.025379 0.041015
2 0.619928 0.388300 0.032543 0.047089
2 0.393434 0.824344 0.026430 0.035614
1 0.392371 0.393697 0.027988 0.057985
1 0.615474 0.514738 0.019888 0.049103
0 0.351089 0.429018 0.023687 0.044243
2 0.619385 0.701735 0.027261 0.047521
2 0.377193 0.756688 0.020213 0.038267
2 0.325987 0.660424 0.022135 0.050164