1 0.540289 0.385981 0.026677 0.050036
1 0.637776 0.518191 0.023133 0.050791
0 0.620585 0.730123 0.021017 0.046483
1 0.588560 0.452541 0.024124 0.050214
1 0.661896 0.549433 0.024820 0.053118
1 0.564248 0.419293 0.026081 0.052302
1 0.612726 0.483690 0.024382 0.053390
0 0.595019 0.700626 0.021948 0.049468
1 0.332928 0.509242 0.023179 0.043275
2 0.384611 0.730942 0.025947 0.036654
2 0.684562 0.619603 0.030114 0.046656
2 0.362575 0.698219 0.029301 0.037264
2 0.411997 0.765528 0.026610 0.038037
0 0.456293 0.668819 0.017350 0.041719
2 0.312241 0.632962 0.028273 0.039208
1 0.645631 0.639002 0.027740 0.045944
1 0.514696 0.354737 0.029031 0.052620
0 0.620068 0.669832 0.024669 0.048373
2 0.456835 0.828417 0.023858 0.031491
2 0.335288 0.665938 0.026466 0.036886